[[ 1.          0.          0.64053622  0.46260633  0.82346175  0.43311053   0.          0.81487215  0.81809014  0.32612984  0.87567645]
 [ 0.          1.          0.          0.          0.          0.  -0.3933765   0.          0.          0.          0.        ]
 [ 0.64053622  0.          1.          0.7819958   0.84919372  0.32183192   0.          0.74830112  0.91657021  0.2002598   0.72652531]
 [ 0.46260633  0.          0.7819958   1.          0.61195514  0.24209443   0.          0.54876436  0.82161339  0.46100278  0.74716593]
 [ 0.82346175  0.          0.84919372  0.61195514  1.          0.4479847   0.          0.8020111   0.93477181  0.15782877  0.84788678]
 [ 0.43311053  0.          0.32183192  0.24209443  0.4479847   1.   0.          0.5462136   0.34367023  0.26702437  0.55355031]
 [ 0.         -0.3933765   0.          0.          0.          0.   1.          0.          0.          0.          0.        ]
 [ 0.81487215  0.          0.74830112  0.54876436  0.8020111   0.546213   0.          1.          0.79178759  0.54375824  0.84567653]
 [ 0.81809014  0.          0.91657021  0.82161339  0.93477181  0.34367023   0.          0.79178759  1.          0.31118867  0.8961963 ]
 [ 0.32612984  0.          0.2002598   0.46100278  0.15782877  0.26702437   0.          0.54375824  0.31118867  1.          0.54409652]
 [ 0.87567645  0.          0.72652531  0.74716593  0.84788678  0.55355031   0.          0.84567653  0.8961963   0.54409652  1.        ]]
